1:sentId,2:AreTeam,3:CountPosSpanWords,4:CountNegSpanWords,5:MeanPol_PosActsToEachOther_Choi,6:MeanPol_NegActsToEachOther_Choi,7:Is_PosActsToEachOther_LiuPol,8:Is_NegActsToEachOther_LiuPol,9:Is_PosActsToEachOther_MPQAPol,10:Is_NegActsToEachOther_MPQAPol,11:MeanPol_PosActs1Char_Choi,12:MeanPol_NegActs1Char_Choi,13:Is_PosActs1Char_LiuPol,14:Is_NegActs1Char_LiuPol,15:Is_PosActs1Char_MPQAPol,16:Is_NegActs1Char_MPQAPol,17:MeanPol_PosAdverbs_ActsToEachOther_Choi,18:MeanPol_NegAdverbs_ActsToEachOther_Choi,19:Is_PosAdverbs_ActsToEachOther_LiuPol,20:Is_NegAdverbs_ActsToEachOther_LiuPol,21:Is_PosAdverbs_ActsToEachOther_MPQAPol,22:Is_NegAdverbs_ActsToEachOther_MPQAPol,23:MeanPol_PosAdverbs_Acts1Char_Choi,24:MeanPol_NegAdverbs_Acts1Char_Choi,25:Is_PosAdverbs_Acts1Char_LiuPol,26:Is_NegAdverbs_Acts1Char_LiuPol,27:Is_PosAdverbs_Acts1Char_MPQAPol,28:Is_NegAdverbs_Acts1Char_MPQAPol,29:posFramesFired,30:negFramesFired,31:otherFramesFired,32:posFramewrtCharFired,33:negFramewrtCharFired,34:otherFrameswrtCharFired
s3,0,0,1,0,0,0,0,0,0,0.5,0.32655,0,1,0,1,0,0,0,0,0,0,0,0,0,0,0,0,0,0,1,0,0,1
s5,0,1,2,0,0,0,0,0,0,0,0,0,0,0,0,0,0,0,0,0,0,0,0,0,0,0,0,0,0,2,0,0,2
s6,0,1,1,0,0,0,0,0,0,0.5,0,0,0,0,0,0,0,0,0,0,0,0,0,0,0,0,0,0,1,0,0,1,0
s10,0,0,0,0,0,0,0,0,0,0.449437,0,0,0,0,0,0,0,0,0,0,0,0,0,0,0,0,0,0,0,0,0,0,0
s24,0,0,2,0,0,0,0,0,0,0.5,3e-06,0,1,0,1,0,0,0,0,0,0,0,0,0,0,0,0,0,0,0,0,0,0
s40,0,0,0,0,0,0,0,0,0,0.5,0,0,0,0,0,0,0,0,0,0,0,0,0,0,0,0,0,0,0,0,0,0,0
s43,0,1,0,0,0,0,0,0,0,0.5,0,0,0,0,0,0,0,0,0,0,0,0,0,0,0,0,0,0,0,1,0,0,1
s44,0,0,0,0,0,0,0,0,0,0.499993,0,0,0,0,0,0,0,0,0,0,0,0,0,0,0,0,0,0,0,0,0,0,0
s45,0,0,2,0,0,0,0,0,0,0.5,0.0,0,1,0,0,0,0,0,0,0,0,0,0,0,0,0,0,0,0,0,0,0,0
s47,0,0,0,0,0,0,0,0,0,0,0.115579,0,1,0,0,0,0,0,0,0,0,0,0,0,0,0,0,0,0,0,0,0,0
s48,0,0,0,0,0,0,0,0,0,0.5,1.3e-05,0,0,0,0,0,0,0,0,0,0,0,0,0,0,0,0,0,0,0,0,0,0
s49,1,0,0,0,0,0,0,0,0,0,0,0,0,0,0,0,0,0,0,0,0,0,0,0,0,0,0,1,0,0,1,0,0
s50,0,1,0,0,0,0,0,0,0,0.499999,0,1,0,0,0,0,0,0,0,0,0,0,0,0,0,0,0,0,0,0,0,0,0
s54,0,0,0,0.5,0,0,0,0,0,0,0,0,0,0,0,0,0,0,0,0,0,0,0,0,0,0,0,1,0,0,0,0,0
s56,0,0,0,0,0,0,0,0,0,0.499715,0,0,0,0,0,0,0,0,0,0,0,0,0,0,0,0,0,1,0,1,0,0,1
s65,0,0,0,0,0,0,0,0,0,0.499904666667,0,2,0,1,0,0,0,0,0,0,0,0,0,1,0,1,0,1,0,0,1,0,0
s67,0,0,0,0,0,0,0,0,0,0.5,0,0,0,0,0,0,0,0,0,0,0,0,0,0,0,0,0,0,0,0,0,0,0
s71,0,0,1,0,0,0,0,0,0,0.5,0.349758,1,1,0,0,0,0,0,0,0,0,0,0,0,0,0,0,0,0,0,0,0,0
s72,0,0,0,0,0,0,0,0,0,0.5,0,0,0,0,0,0,0,0,0,0,0,0,0,0,0,0,0,0,1,0,0,0,0
s73,0,0,0,0,0,0,0,0,0,0.5,0,0,0,0,0,0,0,0,0,0,0,0,0,0,0,0,0,1,0,0,1,0,0
s84,0,0,3,0,0,0,0,0,0,0.5,0,0,0,0,0,0,0,0,0,0,0,0,0,0,0,0,0,0,0,1,0,0,1
s85,0,0,0,0,0,0,0,0,0,0.5,0,0,0,0,0,0,0,0,0,0,0,0,0,0,0,0,0,0,0,0,0,0,0
s87,0,0,0,0,0,0,0,0,0,0.5,0,0,0,0,0,0,0,0,0,0,0,0,0,0,0,0,0,0,0,0,0,0,0
s88,0,1,0,0,0,0,0,0,0,0,0.496971,0,0,0,0,0,0,0,0,0,0,0,0,0,0,0,0,0,0,0,0,0,0
s89,0,0,1,0,0,0,0,0,0,0,0.00093,0,1,0,0,0,0,0,0,0,0,0,0,0,0,0,0,0,0,0,0,0,0
s90,1,1,0,0,0,0,0,0,0,0,0,0,0,0,0,0,0,0,0,0,0,0,0,0,0,0,0,0,0,0,0,0,0
s93,0,0,1,0,0.002936,0,1,0,0,0,0,0,0,0,0,0,0,0,0,0,0,0,0,0,0,0,0,1,0,0,1,0,0
s95,0,1,1,0,0,0,0,0,0,0,0,0,0,0,0,0,0,0,0,0,0,0,0,0,0,0,0,2,0,0,2,0,0
s96,0,0,2,0,0,0,0,0,0,0.41,0.0,0,1,0,1,0,0,0,0,0,0,0,0,0,0,0,0,0,0,0,0,0,0
s99,0,0,0,0.5,0,0,0,1,0,0.004462,0,0,0,0,0,0,0,0,0,0,0,0,0,0,0,0,0,0,0,0,0,0,0
s103,0,0,1,0.5,0,0,0,0,0,0.5,0.0,0,1,0,1,0,0,0,0,0,0,0,0,0,0,0,0,0,0,0,0,0,0
s104,0,0,0,0,0,0,0,0,0,0.474026,0.053247,0,0,0,0,0,0,0,0,0,0,0,0,0,0,0,0,0,0,0,0,0,0
s105,0,0,2,0,0,0,0,0,0,0.5,0.0,0,1,0,0,0,0,0,0,0,0,0,0,0,0,0,0,0,0,0,0,0,0
s113,0,0,0,0,0,0,0,0,0,0.5,0,0,0,0,0,0,0,0,0,0,0,0,0,0,0,0,0,0,0,0,0,0,0
s116,0,0,0,0.462066,0,0,0,0,0,0.5,0,0,0,0,0,0,0,0,0,0,0,0,0,0,0,0,0,0,0,0,0,0,0
s117,0,0,1,0,0,0,0,0,0,0.5,0,0,0,0,0,0,0,0,0,0,0,0,0,0,0,0,0,0,0,0,0,0,0
s118,1,0,0,0,0,0,0,0,0,0.043891,0,1,0,1,0,0,0,0,0,0,0,0,0,0,0,0,0,1,0,0,1,0,0
s119,0,0,1,0,0,0,0,0,0,0.5,0,0,0,0,0,0,0,0,0,0,0,0,0,0,0,0,0,0,0,0,0,0,0
s120,0,2,0,0,0,0,0,0,0,0.371071,0,1,0,0,0,0,0,0,0,0,0,0,0,0,0,0,0,1,0,0,0,0,0
s125,0,0,0,0,0,0,0,0,0,0.5,0,0,0,0,0,0,0,0,0,0,0,0,0,0,0,0,0,0,0,0,0,0,0
s128,0,0,0,0,0,0,0,0,0,0.491844,0,0,0,0,0,0,0,0,0,0,0,0,0,0,0,0,0,0,0,0,0,0,0
